% METIS input file generated from connectivity.meshb on Tue Apr 20 08:41:49 MST 2021.
%
% Next line lists # vertices and # edges.
45 44 10 1
%
% Format of vertex/edge entries:
%----------------------------------------------------------------------
% % <index of current vertex> <reach id> <weight> <head node id> <outlet node id>
% <vertex weight> <indices of neighbors of current vertex, separated by spaces>
%----------------------------------------------------------------------
%
% 1 0 2557 81975 82677
2557 24 
% 2 1 2997 81976 82802
2997 25 
% 3 2 2 81977 84990
2 41 
% 4 3 340 81978 82802
340 25 
% 5 4 2 81979 84768
2 39 
% 6 5 444 81980 82677
444 24 
% 7 6 545 81981 84360
545 35 
% 8 7 1117 81982 85410
1117 45 
% 9 8 28 81983 83699
28 32 
% 10 9 2366 81984 82922
2366 28 
% 11 10 2959 81985 84474
2959 36 
% 12 11 2159 81986 83184
2159 29 
% 13 12 20 81987 82841
20 26 
% 14 13 1988 81988 83184
1988 29 
% 15 14 8043 81989 83699
8043 32 
% 16 15 3188 81990 83694
3188 30 
% 17 16 1749 81991 83697
1749 31 
% 18 17 4452 81992 83694
4452 30 
% 19 18 4626 81993 82875
4626 27 
% 20 19 6546 81994 84108
6546 33 
% 21 20 2848 81995 84109
2848 34 
% 22 21 601 81996 82875
601 27 
% 23 22 1337 81997 84870
1337 40 
% 24 23 690 82677 82922
690 6 28 1 
% 25 24 3 82802 82841
3 4 26 2 
% 26 25 4578 82841 84474
4578 25 36 13 
% 27 26 1243 82875 84706
1243 19 37 22 
% 28 27 875 82922 85144
875 24 43 10 
% 29 28 333 83184 83697
333 14 12 31 
% 30 29 1145 83694 85152
1145 44 18 16 
% 31 30 2911 83697 84109
2911 17 34 29 
% 32 31 3 83699 84108
3 33 9 15 
% 33 32 1559 84108 84360
1559 20 35 32 
% 34 33 9059 84109 84706
9059 21 31 37 
% 35 34 1499 84360 84755
1499 7 38 33 
% 36 35 551 84474 85010
551 26 42 11 
% 37 36 537 84706 84755
537 27 34 38 
% 38 37 106 84755 84768
106 39 35 37 
% 39 38 406 84768 84870
406 5 38 40 
% 40 39 968 84870 84990
968 39 23 41 
% 41 40 27 84990 85010
27 40 42 3 
% 42 41 524 85010 85144
524 41 43 36 
% 43 42 26 85144 85152
26 28 42 44 
% 44 43 4919 85152 85410
4919 43 30 45 
% 45 44 2671 85410 85547
2671 8 44 
